COST	MEAN
50	[25  0]	[ 0 25]
51	[25  0]	[ 0 26]
52	[25  0]	[ 1 26]
53	[25  0]	[ 1 27]
54	[25  0]	[ 1 28]
55	[25  0]	[ 1 29]
56	[25  0]	[ 1 30]
57	[25  1]	[ 1 30]
58	[25  1]	[ 2 30]
59	[25  1]	[ 2 30]
60	[26  1]	[ 2 30]
61	[27  1]	[ 2 30]
62	[27  1]	[ 2 30]
63	[27  1]	[ 2 30]
64	[27  1]	[ 2 31]
65	[28  1]	[ 2 31]
66	[29  1]	[ 2 31]
67	[30  1]	[ 2 31]
68	[30  1]	[ 2 32]
69	[30  1]	[ 2 32]
70	[31  1]	[ 2 32]
71	[31  1]	[ 2 33]
72	[31  1]	[ 2 33]
73	[31  1]	[ 2 33]
74	[32  1]	[ 2 33]
75	[33  1]	[ 2 33]
76	[33  1]	[ 3 33]
77	[34  1]	[ 3 33]
78	[35  1]	[ 3 33]
79	[36  1]	[ 3 33]
80	[37  1]	[ 3 33]
81	[38  1]	[ 3 33]
82	[39  1]	[ 3 33]
83	[40  1]	[ 3 33]
84	[40  1]	[ 3 33]
85	[41  1]	[ 3 33]
86	[42  1]	[ 3 33]
87	[42  1]	[ 3 34]
88	[42  1]	[ 3 34]
89	[43  1]	[ 3 34]
90	[43  1]	[ 3 35]
91	[43  1]	[ 4 35]
92	[43  1]	[ 4 35]
93	[43  1]	[ 4 36]
94	[43  1]	[ 4 36]
95	[43  1]	[ 4 36]
96	[43  1]	[ 4 36]
97	[43  1]	[ 4 36]
98	[44  1]	[ 4 36]
99	[44  2]	[ 4 36]
100	[44  2]	[ 4 36]
101	[45  2]	[ 4 36]
102	[45  2]	[ 5 36]
103	[46  2]	[ 5 36]
104	[46  2]	[ 5 36]
105	[46  3]	[ 5 36]
106	[46  3]	[ 5 37]
107	[47  3]	[ 5 37]
108	[47  3]	[ 5 37]
109	[47  3]	[ 5 38]
110	[47  3]	[ 5 38]
111	[47  3]	[ 5 38]
112	[48  3]	[ 5 38]
113	[49  3]	[ 5 38]
114	[50  3]	[ 5 38]
115	[51  3]	[ 5 38]
116	[52  3]	[ 5 38]
117	[52  3]	[ 5 39]
118	[53  3]	[ 5 39]
119	[53  3]	[ 5 40]
120	[53  3]	[ 6 40]
121	[53  3]	[ 6 40]
122	[54  3]	[ 6 40]
123	[55  3]	[ 6 40]
124	[55  3]	[ 6 40]
125	[55  3]	[ 7 40]
126	[55  3]	[ 8 40]
127	[56  3]	[ 8 40]
128	[57  3]	[ 8 40]
129	[57  3]	[ 8 41]
130	[57  3]	[ 8 41]
131	[57  3]	[ 8 41]
132	[57  3]	[ 8 41]
133	[57  3]	[ 8 42]
134	[58  3]	[ 8 42]
135	[58  3]	[ 8 42]
136	[58  3]	[ 8 43]
137	[58  3]	[ 8 44]
138	[58  3]	[ 9 44]
139	[58  3]	[ 9 45]
140	[58  3]	[ 9 45]
141	[58  3]	[10 45]
142	[59  3]	[10 45]
143	[59  3]	[10 46]
144	[59  3]	[10 47]
145	[60  3]	[10 47]
146	[61  3]	[10 47]
147	[62  3]	[10 47]
148	[63  3]	[10 47]
149	[63  3]	[10 47]
150	[64  3]	[10 47]
151	[64  3]	[10 48]
152	[64  3]	[10 49]
153	[64  3]	[10 50]
154	[64  3]	[10 51]
155	[64  3]	[11 51]
156	[64  3]	[11 51]
157	[64  3]	[11 51]
158	[65  3]	[11 51]
159	[66  3]	[11 51]
160	[67  3]	[11 51]
161	[68  3]	[11 51]
162	[68  3]	[12 51]
163	[69  3]	[12 51]
164	[70  3]	[12 51]
165	[71  3]	[12 51]
166	[72  3]	[12 51]
167	[73  3]	[12 51]
168	[73  3]	[12 52]
169	[73  3]	[12 53]
170	[73  3]	[12 53]
171	[73  3]	[12 53]
172	[74  3]	[12 53]
173	[75  3]	[12 53]
174	[75  3]	[12 54]
175	[75  3]	[12 55]
176	[75  3]	[12 55]
177	[75  3]	[12 56]
178	[76  3]	[12 56]
179	[76  3]	[12 56]
180	[76  3]	[12 56]
181	[77  3]	[12 56]
182	[77  3]	[12 57]
183	[77  3]	[12 57]
184	[78  3]	[12 57]
185	[78  3]	[12 58]
186	[78  3]	[12 59]
187	[78  3]	[12 60]
188	[78  4]	[12 60]
189	[78  4]	[12 60]
190	[78  4]	[12 60]
191	[78  4]	[12 61]
192	[79  4]	[12 61]
193	[79  4]	[12 61]
194	[79  4]	[12 62]
195	[80  4]	[12 62]
196	[80  4]	[12 63]
197	[81  4]	[12 63]
198	[81  4]	[12 63]
199	[81  4]	[12 63]
200	[81  4]	[12 63]
201	[82  4]	[12 63]
202	[83  4]	[12 63]
203	[83  4]	[12 63]
204	[84  4]	[12 63]
205	[84  4]	[12 63]
206	[84  4]	[13 63]
207	[84  4]	[13 64]
208	[84  4]	[13 64]
209	[85  4]	[13 64]
210	[86  4]	[13 64]
211	[86  4]	[13 65]
212	[87  4]	[13 65]
213	[87  4]	[13 65]
214	[87  4]	[13 66]
215	[87  4]	[13 67]
216	[87  4]	[13 67]
217	[87  4]	[13 67]
218	[87  5]	[13 67]
219	[87  5]	[13 67]
220	[87  5]	[13 67]
221	[88  5]	[13 67]
222	[88  6]	[13 67]
223	[89  6]	[13 67]
224	[89  6]	[13 68]
225	[89  6]	[13 68]
226	[90  6]	[13 68]
227	[91  6]	[13 68]
228	[92  6]	[13 68]
229	[93  6]	[13 68]
230	[93  6]	[13 68]
231	[93  6]	[14 68]
232	[93  6]	[14 69]
233	[93  6]	[14 70]
234	[93  6]	[14 70]
235	[93  6]	[14 71]
236	[93  6]	[14 71]
237	[93  6]	[14 71]
238	[93  6]	[15 71]
239	[94  6]	[15 71]
240	[94  6]	[15 71]
241	[95  6]	[15 71]
242	[95  6]	[15 71]
243	[96  6]	[15 71]
244	[96  6]	[15 71]
245	[96  6]	[15 72]
246	[97  6]	[15 72]
247	[98  6]	[15 72]
248	[99  6]	[15 72]
249	[99  6]	[15 73]
250	[99  6]	[15 74]
